pkg/controller/jobs/pod/pod_controller_test.go
  s_6f736837660c53::t_a32afe2723d62e 623,639,705,721,1048,1114,1168,1237,1286,1322,1388,1402,1523,1541,1618,1632,1687,1701,1747,1766,1831,1846,1885,1910,2017,2095,2115,2187,2245,2337,2352,2407,2434,2487,2514,2612,2628,2693,2713,2757,2779,2886,3021,3046,3147,3172,3266,3291,3353,3437,3450,3507,3529,3629,3641,3711,3726,3800,3864,3870,3880,3886,3956,3976,4075,4102,4173,4197,4360,4382,4484,4498,4598,4618,4724,4898,4960,5055,5181,5208,5291,5334,5390,5426,5466,5502,5549,5586,5633,5676,5731,5779,5831,5881,5935,5977,6308,6329,6536,6621,7039
  s_6f736837660c53::t_9ce2cd82ee59e5 4910-4911
  s_6f736837660c53::t_e51791fbd5b071 378,635,651,717,733,1060,1179,1418
pkg/util/testing/v1beta2/wrappers.go
  s_6f736837660c53::t_f9a3f765cdaea4 36
  s_6f736837660c53::t_493ade4b7e273d 87-100
---
{
  "schema_version": "authorship/3.0.0",
  "git_ai_version": "1.6.16",
  "base_commit_sha": "c5060622f1325b871a47e4528f781c112e93122c",
  "prompts": {},
  "sessions": {
    "s_6f736837660c53": {
      "agent_id": {
        "tool": "cursor",
        "id": "074b4118-1e62-4509-a2f0-a9cfe5b75014",
        "model": "cursor-grok-4.5-high"
      },
      "human_author": "vladikkuzn <vladikkuzn1@gmail.com>"
    }
  }
}