pkg/controller/jobs/pod/pod_controller_test.go
  s_6f736837660c53::t_a32afe2723d62e 624,640,706,722,1049,1115,1169,1238,1287,1323,1389,1403,1524,1542,1619,1633,1688,1702,1748,1767,1832,1847,1886,1911,2018,2096,2116,2188,2246,2338,2353,2408,2435,2488,2515,2613,2629,2694,2714,2758,2780,2887,3022,3047,3148,3173,3267,3292,3354,3438,3451,3508,3530,3630,3642,3712,3727,3801,3865,3871,3881,3887,3957,3977,4076,4103,4174,4198,4361,4383,4485,4499,4599,4619,4725,4899,4961,5056,5182,5209,5292,5335,5391,5427,5467,5503,5550,5587,5634,5677,5732,5780,5832,5882,5936,5978,6309,6330,6537,6622,7040
  s_6f736837660c53::t_9ce2cd82ee59e5 4911-4912
  s_6f736837660c53::t_e51791fbd5b071 379,636,652,718,734,1061,1180,1419
pkg/util/testing/v1beta2/wrappers.go
  s_6f736837660c53::t_f9a3f765cdaea4 36
  s_6f736837660c53::t_493ade4b7e273d 87-100
---
{
  "schema_version": "authorship/3.0.0",
  "git_ai_version": "1.6.16",
  "base_commit_sha": "75bacfc42a7de9365d63ab655f7089a794c7c573",
  "prompts": {},
  "sessions": {
    "s_6f736837660c53": {
      "agent_id": {
        "tool": "cursor",
        "id": "074b4118-1e62-4509-a2f0-a9cfe5b75014",
        "model": "cursor-grok-4.5-high"
      },
      "human_author": "vladikkuzn <vladikkuzn1@gmail.com>"
    }
  }
}