pkg/controller/jobs/pod/pod_controller_test.go
  h_47cee5fa694435 411,427,458,834,842,889,897,1496,1518,1592,1606,1661,1675,1722,1741,1860,1885,1990,2071,2091,2161,2219,2311,2326,2382,2408,2462,2489,2583,2670,2690,2735,2757,3004,3029,3130,3152,3249,3271,3487,3509,3606,3618,3691,3706,3936,3957,4342,4366,4464,4478,4578,4599,4824,4854,4912,4939,5011,5055,5109,5145,5185,5221,5268,5305,5352,5395,5450,5498,5550,5600,5654,5696,6026,6047
---
{
  "schema_version": "authorship/3.0.0",
  "git_ai_version": "1.5.10",
  "base_commit_sha": "b3d7e8d5f24d2826c6048682b2af041cce40c5f1",
  "prompts": {},
  "humans": {
    "h_47cee5fa694435": {
      "author": "Mykhailo Bobrovskyi <mikhail.bobrovsky@gmail.com>"
    }
  }
}