pkg/controller/jobs/pod/pod_controller.go
  s_986a6381eb2c23::t_6f7c6e23d72918 87-92
pkg/controller/jobs/pod/pod_controller_test.go
  s_986a6381eb2c23::t_3cb987b627703c 1450,1461,1507,1518
  s_986a6381eb2c23::t_111e18394ccf21 348-354
  s_986a6381eb2c23::t_0c5abd91d8136b 630,646,712,728,1055,1121,1175,1244,1293,1329,1395,1409,1592,1610,1687,1701,1756,1770,1816,1835,1900,1915,1954,1979,2086,2164,2184,2256,2314,2406,2421,2476,2503,2556,2583,2681,2697,2762,2782,2826,2848,2955,3090,3115,3216,3241,3335,3360,3422,3506,3519,3576,3598,3698,3710,3780,3795,3869,3933,3939,3949,3955,4025,4045,4144,4171,4242,4266,4429,4451,4553,4567,4667,4687,4793,4987,5014,5097,5140,5196,5232,5272,5308,5355,5392,5439,5482,5537,5585,5637,5687,5741,5783,6114,6135,6342,6427,6845
---
{
  "schema_version": "authorship/3.0.0",
  "git_ai_version": "1.6.16",
  "base_commit_sha": "269713ae5d7103afdfb3ff5152c9e52f12bfe846",
  "prompts": {},
  "sessions": {
    "s_986a6381eb2c23": {
      "agent_id": {
        "tool": "cursor",
        "id": "c589e725-672f-4f7e-8918-7343f0a2c08b",
        "model": "composer-2.5"
      },
      "human_author": "vladikkuzn <vladikkuzn1@gmail.com>"
    }
  }
}